8351704896
8663576630
8870058370
8869259025
8836552125
8872069205
8869944437
8872817615
8872206489
8872837551
8872845276
8872351269
8866336230
8872403965
8872766365
8870045379
8871692522
8865890873
8806152879
8864884723
8872555830
8871717492
8871947021
8872705181
8872724575
8858911139
8870954247
8868701982
8872723891
8483244698
8870403805
8872185693
8857620551
8872338732
8871636960
8838025479
8872739575
8872825349
8869384590
8869704019
8872140661
8872138866
8868394403
8868053003
8871845890
8726307435
8872153017
8871208227
8871986551
8726307435
8872153017
8871208227
8871986551
8871121612
8872846980
8872679949
8870945917
8872754809
8872613377
8869182632
8870894020
8528912582
8870769242
8865954109
8868574448
8866744649
8863965213
8870584016
8872394653
8869519352
8872422635
8870587091
8870986768
8872837359
8869179023
8872502237
8871715969
8855976580
8871130647
8872845231
8868804989
8870073391
8872678321
8869171180
8869623451
8862680834
8865680740
8872730707
8872833029
8871049472
8871689098
8872141358
8872794161
8872836454
8868869239
8855398507
8837439875
8872833003
8870713399
8872833003
8870713399
8872845951
8572609848
8871738424
8872806260
8871075062
8871642843
8871736122
8872009587
8528773574
8870320909
8310900848
8871351316
8767586581
8872783730
8871120683
8861302004
8872662514
8868164602
8868848079
8868735210
8872837258
8872819577
8871321521
8872671699
8871176833
8868325317
8800150341
8871245325
8859202740
8869909385
8870858416
8872837540
8872697231
8870999910
8872845027
8853469656
8745156335
8871848150
8870293020
8872304707
8871531050
8868437928
8734845798
8872844895
8871249727
8870321373
8867844751
8872265837
8870321373
8867844751
8872265837
8867932828
8872184173
8872132916
8870941816
8872657810
8868566289
8870746218
8381854135
8863983613
8869251907
8872805410
8870014522
8865093495
8872278557
8871409844
8866826177
8871903988
8871334348
8872834564
8832774772
8872840637
8869008096
8872235010
8867942942
8867753074
8869500411
8444772214
8825729293
8872163984
8871119342
8865511792
8871402630
8871242698
8872832817
8869953050
8866273997
8869178306
8871853647
8869936440
8867650950
8872370259
8871659029
8414800916
8865408390
8864479773
8872768639
8872823380
8872685717
8872634185
8871977035
8869520231
8870572355
8866250698
8787689780
8872842428
8869212255
8835695034
8851041922
8868067364
8867632746
8867918373
8872771352
8871916743
8872702468
8868338480
8852410019
8869678898
8865594598
8862750721
8871707326
8872825426
8872125403
8870823261
8614446515
8868728986
8871760801
8485254934
8870392162
8870943564
8870440058
8871868416
8871382589
8863000129
8872183700
8855100265
8872645415
8872819045
8865939324
8524319087
8844719470
8863715884
8862659918
8860551739
8870851513
8872819992
8867052418
8872199917
8872819992
8867052418
8872199917
8872729821
8872188179
8869810750
8872769429
8871193427
8869924911
8871097296
8214786233
8871762292
8865866599
8872722046
8871000312
8869973875
8869707356
8872839867
8870856773
8871501814
8851284649
8855390457
8869342616
8362150605
8872268029
8846959216
8854247937
8871017789
8870920872
8871800590
8867565152
8869775773
8870660921
8871937969
8864368097
8563444371
8866641795
8867886689
8872796068
8872395214
8867588105
8872807029
8854051001
8732378764
8805242975
8855473681
8872691676
8869687619
8853344938
8872718119
8869687619
8853344938
8872718119
8870481196
8860947496
8871089189
8870818240
8872382778
6232193939
8863634745
8872814675
8854666763
8394964247
8872837083
8867934611
8872826719
8711197964
8868380825
8871587802
8872452716
8862225133
8869565618
8865849773
8872148116
8872802872
8865716026
8872663530
8872032757
8844998598
8870778635
8869996300
8872506803
8866373923
8872629603
8872119693
8871508258
8866305141
8872176998
8872835166
8460498189
8153221689
8868219682
8872787509
8872239242
8870646379
8872828817
8869660074
8867143508
8761652360
8872362420
8867342986
8867465981
8437319222
8872799464
8825805618
8870022583
8872599333
7982838874
8868595202
8868986859
8870164240
8872833905
8868574196
8872781994
8739358396
8867387800
8870319322
8869767778
8864109391
8872480234
8871085610
8857200341
8872833505
8863904066
8872603662
8870962117
8872705496
8440406828
8872452967
8846962275
8872833301
8871064504
8783830595
8863659698
8870038277
8872668562
8872706396
8869320114
8865843464
8872799566
8872402717
8856470893
8860619380
8872501277
8856988388
8869323687
8872768521
8866325172
8866905160
8867934723
8870409367
8871051849
8853403123
7826590541
8869380148
8865791446
8870800621
8634474290
8872410576
8869201737
8872574413
8869729069
8871658662
8865637209
8862275809
8872808332
8833336014
8871647617
8867804963
8868338836
8869430024
8871201218
8867959202
8871449884
8870590436
8869708690
8835954842
8868424582
8863841893
8872807349
8842600432
8861717690
8862444875
8826713787
8871408017
8870467301
8872696988
8845758011
8870691734
8750880221
8863513880
8869807643
8872782078
8679797372
8585131442
8753170324
8866931536
8872756572
8865152142
8872309707
8869594535
8595838263
8625222702
8872803385
8870556322
8866322304
8862441247
8865283641
8869770655
8871674756
8868687002
8675507878
8701909904
8871765404
8872703197
8870862959
8872682327
8852691726
8872812692
8872474234
8871280344
8872774080
8872815780
8141665457
8868796972
8872703379
8863881403
8864534976
8869009983
8871267437
8847600722
8869782746
8872814292
8872782218
8380224027
8456578711
8760787249
8513964416
8828545298
8868774981
8872802151
8872579635
8872803395
8829787708
8867088706
7079009511
8871786301
8869726077
8871929350
8864063921
8865644555
8564767155
8869872752
8863225663
8848751282
8865607705
8872748325
8865720521
8871963413
8872269986
8872743637
8559102080
8869970181
8867685886
8867224091
8872807133
8872803961
8866884387
8741614329
8871027493
8871444539
8864018495
8871011904
8872411137
8866462630
8872116318
8871940837
8861015117
7960452083
8872480922
8872656184
8858039244
8872381110
8815950111
8870477210
8870909792
8870145255
8871659120
8855877743
8872157448
8870778891
8813120172
8864001173
8872757654
8759209533
8865382282
8864968526
8870911274
8872721824
8858868873
8840996890
8247602552
8865611124
8872807282
8866515747
8870188029
8853378313
8759541849
8699891110
8870017381
8870725283
8867459410
8870494317
8867765705
8333231472
8862579997
8856854788
8872030276
8871004230
8847305339
8872740012
8392963849
8872805632
8866808015
8713350259
8872815969
8871207243
8870584498
8868330418
8335022280
8868492542
8870867006
8872311043
8866118797
8861142610
8870846044
8867733125
8872784910
8861390373
8867976103
8869710841
8434934848
8867855886
8861782436
8869825936
8872283158
8870490260
8872154835
8863848199
8870350807
8870350807
8860008928
8869740162
8466995248
8403538738
8871194855
8871972770
8736228073
8769348774
8872557742
8755538090
8591415637
8872774301
8872119501
8691394682
8862943133
8786447602
8869076963
8869223615
8872608609
8321866773
8872194851
8870861036
8846935056
8617217882
8871020851
8871928325
8870778757
8872747540
8872798455
8872762452
8872216580
8759853957
8872723300
8799907424
8865275561
8864872135
8872809609
8871090382
8872607464
8862983365
8872760538
8872807903
8869142122
8872671853
8872800703
8871130269
8862649010
8871948967
8868837126
8868837126
8861201412
8871946315
8869782894
8872474006
8872726605
8872780912
8872002518
8863311878
8643722815
8865389959
8866886241
8867929976
8872775460
8870597388
8869579352
8859769483
8862799254
8869460965
8857709216
8867156119
8872697595
8783703976
8859987365
8872806412
8872806067
8869956762
8872769124
8868414747
8868337134
8868172085
8872668148
8617973759
8825324215
8866011208
8814568900
8664000654
8871484889
8794035900
8872038816
8872794659
8869733038
8872396769
8868852383
8869812960
8872425295
8869565748
8871589075
8750763039
8872776297
8872776297
8872754509
8870795824
8735558601
8872788635
8871198844
8871711414
8872588483
8868877582
8870801611
8867425682
8870764163
8870870457
8809655104
8872721787
8872774108
8872468199
8870128617
8867675560
8872802298
8864810814
8870151166
8872051288
8872765235
8851731399
8872801793
8872800369
8862593743
8872419168
8871000675
8872800880
8864494130
8872527576
8872787571
8872799006
8854319869
8866265671
8867375157
8869994631
8870284043
8872442569
8853861411
8872312674
8862659504
8869532015
8872778213
8870134422
8871256850
8868431743
8862476319
8872782415
8860426842
8872109613
8867099403
8847212335
8769723469
8872739427
8872707122
8870872278
8872679097
8871253552
8872633723
8861944778
8838920784
8872484045
8871049535
8864740733
8869823939
8865652717
8872769013
8871920251
8869983720
8679399777
8869712729
8872419246
8645714149
8869796593
8867030417
8872792811
8870386029
8871900763
8862742230
8871683750
8872794079
8856377872
8862308895
8872600433
8869175565
8865731316
8872187156
8872790187
8866010246
8872015767
8872786089
8859696973
8872678419
8871055299
8872547868
8871155447
8865176076
